10,15313 5,19602 11,88416 10,15721 6,22341 12,06436 11,34177 8,29257 7,94551

8,37859 6,26166 5,94614 10,41136 8,40315 7,56123 6,01193 5,51205 12,30176

11,86206 6,78059 8,39924 9,60879 10,71634 5,13890 8,36286 6,94727 10,07621

8,38462 11,12298 8,89777 8,18258 13,27569 11,53889 10,95885 10,79743 11,91170

9,43029 12,70713 5,31493 6,89576 11,28720 4,85457 9,75661 10,90904 7,54202

6,82589 8,37000 10,52484 10,19776 10,36317 5,57639 11,62040 12,25289 7,84589

9,07686 7,87938 12,99383 10,75918 10,29891 8,01725 10,84469 11,88994 8,64455

7,90692 10,71124 9,28605 6,71395 5,01446 11,87506 11,45754 8,86105 11,24419

12,76569 8,15597 5,07795 11,75173 5,32675 5,61286 6,64340 8,76738 5,73874

5,08679 5,87908 9,87442 6,81374 12,25969 7,95112 9,56425 10,40932 13,14615

12,10422 11,80111 6,89984 12,79434 9,11248 5,35480 9,03878 12,69446 12,18038

12,59493 6,92670 10,26312 10,52960 13,07552 5,02100 10,92272 4,80910 5,28408

11,19982 5,26682 10,88073 9,84569 8,28347 10,68557 5,93637 8,26613 11,15724

12,70755 12,06011 10,74609 12,82179 4,90387 5,99459 11,83664 6,70077 11,31007

11,57765 13,22427 11,86597 8,46053 12,35268 7,98215 5,75974 8,40196 12,74750

13,22758 10,66543 9,72482 6,30476 9,33220 8,74604 8,31798 7,82413 13,00403

12,90807 10,43678 8,26256 6,10433 8,71009 9,42604 4,84582 5,72888 10,18713

8,47447 4,80782 6,69686 13,16069 5,06444 9,08562 9,26327 10,14055 7,90726

11,19600 5,51834 8,52283 10,75604 9,80863 6,88046 5,81626 10,58323 10,11293

7,82192 10,87589 9,13594 11,27700 11,96380 4,92606 6,27365 12,39773 5,95881

7,34329 8,93967 13,01024 7,88661 9,79996 13,17752 8,51187 4,96201 12,28179

12,98006 8,13217 9,67535 9,35192 9,86668 10,00846 9,09590 12,61635 12,96459

8,95404 10,12279 9,12310 8,33388 10,79361 7,42727 6,66371 13,04840 4,84131

7,96217 12,70500 4,81513 10,58162 7,09075 13,25453 11,89155 9,84144 11,10896

6,25537 6,78365 12,24804 6,59750 10,42530 5,23767 9,16195 10,66840 11,30522