9,83129 8,77610 11,35109 10,65800 12,08524 10,02569 6,00850 12,28150 8,87904

10,54929 8,40261 6,51145 12,33820 12,48210 5,29272 10,61873 10,32115 9,08338

10,63718 11,03685 5,22999 11,91260 13,11646 8,18773 7,86686 13,10609 12,56345

13,27728 6,59594 9,35011 12,74492 8,31209 4,86891 11,12669 7,68836 6,36159

9,04538 6,42271 10,20980 6,16907 11,49967 5,52800 8,86136 11,37600 12,11329

12,33369 6,61651 7,03641 6,61540 7,82028 13,24319 9,44386 9,40944 7,30679

7,97022 5,72061 11,53631 13,26674 11,55883 11,74983 10,88682 12,06254 12,74501

7,06250 5,94594 12,34092 9,08074 7,33731 6,82807 9,19277 10,80233 13,27388

9,87762 13,00094 12,68304 7,92143 5,79974 10,59009 7,53825 8,43041 8,25522

7,38746 5,32281 12,07011 9,85475 9,97554 7,99946 5,56081 5,82337 10,15013

5,74084 9,08440 5,55154 10,71657 10,76757 7,44798 11,47681 8,55085 8,35748

12,60603 12,87336 12,61037 11,95612 6,25849 9,43341 7,24364 7,15175 12,25558

5,68168 13,24039 8,95979 11,20880 12,77807 10,76884 5,00508 5,50139 5,82099

8,64002 7,03097 8,33852 9,21598 5,27232 6,01326 7,23658 6,71749 8,62752

4,93308 9,16642 6,18335 8,33487 8,11574 7,24389 8,18331 11,05563 6,50456

13,08144 11,14454 7,01371 5,58240 5,48932 9,97027 10,78482 6,68850 10,45596

10,38422 5,41911 9,68824 7,51283 11,65820 9,41190 5,59685 12,20976 11,16044

6,69403 9,63333 9,51917 10,33900 4,99734 11,93300 11,50231 11,74031 5,15612

9,57663 9,97851 11,08887 12,60612 7,14130 10,85478 7,86448 7,48954 7,07670

10,62919 12,80757 12,37713 8,35824 13,01403 7,72686 7,36094 12,02812 4,91549